3
0 -5,6569 -2,838
0,707 -4 2
0,707 4 -2
-11,3137 -24 24

3
0 7,07 1,414
18 0 -2
18 0 2
-101,8 288 360



10
1 1 1 1 1 1 1 1 1 1
1 2 4 8 16 32 64 128 256 512
1 3 9 27 81 243 729 2187 6561 19683
1 4 16 64 256 1024 4096 16384 65536 262144
1 5 25 125 625 3125 15625 78125 390625 1953125
1 6 36 216 1296 7776 46656 279936 1679616 10077696
1 7 49 343 2401 16807 117649 823543 5764801 40353607
1 8 64 512 4096 32768 262144 2097152 16777216 134217728
1 9 81 729 6561 59049 531441 4782969 43046721 387420489
1 10 100 1000 10000 100000 1000000 10000000 100000000 1000000000
10 1023 29524 349525 2441406 12093235 47079208 153391689 435848050 1111111111


10
5 3 3 -4 5 -5 -4 -5 0 2
5 3 -1 2 3 0 -4 1 -4 -5
10 6 2 -3 -2 -2 -1 0 -3 -5
20 12 4 -5 -1 -4 4 -2 -2 -4
40 24 8 -10 5 -1 5 2 0 -3
80 48 16 -20 10 -12 -3 -3 3 2
160 96 32 -40 20 -24 -3 -4 1 4
320 192 64 -80 40 -48 -6 -11 0 -3
640 384 128 -160 80 -96 -12 -22 -5 2
-3 -3 0 0 5 3 -2 2 5 -2
-18 2 -8 -6 24 30 64 100 216 0

3
0 8,4852 2,8284
0,707 6 -2
0,707 -6 2
22,627 -32 32



9
-3 -1 -1 1 4 2 3 -4 -1
-3 -1 4 1 0 3 -5 5 5
-6 -2 3 5 3 -3 -4 -3 1
-12 -4 6 7 2 0 1 -2 -1
-24 -8 12 14 9 4 4 -1 5
-48 -16 24 28 18 6 -2 1 -2
-96 -32 48 56 36 12 -3 2 4
-192 -64 96 112 72 24 -6 -2 5
0 -1 3 0 2 2 -5 -3 4
8 79 -27 18 186 206 491 907 6

10
5 3 3 -4 5 -5 -4 -5 0 2
5 3 -1 2 3 0 -4 1 -4 -5
10 6 2 -3 -2 -2 -1 0 -3 -5
20 12 4 -5 -1 -4 4 -2 -2 -4
40 24 8 -10 5 -1 5 2 0 -3
80 48 16 -20 10 -12 -3 -3 3 2
160 96 32 -40 20 -24 -3 -4 1 4
320 192 64 -80 40 -48 -6 -11 0 -3
640 384 128 -160 80 -96 -12 -22 -5 2
-3 -3 0 0 5 3 -2 2 5 -2
-18 2 -8 -6 24 30 64 100 216 0

10
1 1 1 1 1 1 1 1 1 1
1 2 4 8 16 32 64 128 256 512
1 3 9 27 81 243 729 2187 6561 19683
1 4 16 64 256 1024 4096 16384 65536 262144
1 5 25 125 625 3125 15625 78125 390625 1953125
1 6 36 216 1296 7776 46656 279936 1679616 10077696
1 7 49 343 2401 16807 117649 823543 5764801 40353607
1 8 64 512 4096 32768 262144 2097152 16777216 134217728
1 9 81 729 6561 59049 531441 4782969 43046721 387420489
1 10 100 1000 10000 100000 1000000 10000000 100000000 1000000000
10 1023 29524 349525 2441406 12093235 47079208 153391689 435848050 1111111111

10
5 3 3 -4 5 -5 -4 -5 0 2
5 3 -1 2 3 0 -4 1 -4 -5
10 6 2 -3 -2 -2 -1 0 -3 -5
20 12 4 -5 -1 -4 4 -2 -2 -4
40 24 8 -10 5 -1 5 2 0 -3
80 48 16 -20 10 -12 -3 -3 3 2
160 96 32 -40 20 -24 -3 -4 1 4
320 192 64 -80 40 -48 -6 -11 0 -3
640 384 128 -160 80 -96 -12 -22 -5 2
-3 -3 0 0 5 3 -2 2 5 -2
-18 2 -8 -6 24 30 64 100 216 0

10
5 3 3 -4 5 -5 -4 -5 0 2
0 -1,2 1,8 -2,4 8 0 -4,4 -1 5 -0,8
0 0 -4 5 -12 8 7 10 -3 -9
0 0 0 1 3 0 6 -2 4 6
0 0 0 0 7 7 -3 6 4 5
0 0 0 0 0 -10 -13 -7 3 8
0 0 0 0 0 0 3 2 -5 0
0 0 0 0 0 0 0 -3 -2 -11
0 0 0 0 0 0 0 0 -5 8
0 0 0 0 0 0 0 0 0 -14
-18 -10,8 28 10 36 -18 4 -28 16 -28

7
-1 -4 -5 -1 0 -1 -1
-1 -4 0 4 -4 0 -4
-2 -8 -5 -1 0 -4 0
-4 -16 -10 2 -4 -2 0
-8 -32 -20 4 -8 0 -2
-16 -64 -40 8 -16 -7 -4
5 -5 -5 -2 0 -2 -1
-12 -8 -18 -30 -58 -123 -15